accuracy: 0.7
precision: 0.6923076923076923
recall: 0.8181818181818182
f1: 0.7500000000000001
true_positives: 9
true_negatives: 5
false_positives: 4
false_negatives: 2
